42
45
1855
26.742909064507696
4.367398748228213

[1217, 1216, 1215, 1226, 1225, 1224, 1229, 1228, 1227, 1298, 1297, 1296, 1463, 1462, 1461, 1703, 1702, 1701, 1820, 1819, 1818, 2939, 2938, 2937, 3284, 3283, 3282, 3680, 3679, 3678, 3893, 3892, 3891, 3983, 3982, 3981, 4058, 4057, 4056, 5084, 5083, 5082, 5300, 5299, 5298, 5372, 5371, 5370, 5387, 5386, 5385, 5432, 5431, 5430, 5453, 5452, 5451, 5528, 5527, 5526]
13.24238389795211
2.0174900352887484
13.486872286849433
[[-0.85852512]
 [ 0.10700217]
 [ 0.09784839]
 [-0.11242884]
 [-0.47299951]
 [-0.08527523]
 [ 0.83878151]
 [-0.11019448]
 [ 1.28402899]]
