-383693.05
-426373.11
-40757.04
-351576.72000000003
-551486.64
-156945.25
-303473.8
-189892.94999999998
-563042.9999999999
-577917.38
-599761.68
-602115.3600000001
-541627.22
-361038.75000000006
-291338.7
-385103.97000000003
-354899.3099999999
-397884.8000000001
-273517.14999999997
-79699.20000000001
-84875.39999999997
-37265.84
-215491.54
-115528.95999999998
-219397.15
-286892.99999999994
-431661.56999999995
-185562.0
-88312.32000000004
-142466.5
-244736.0
-105531.60000000005
-74038.29999999997
-24752.999999999993
-107844.62000000004
-277856.2799999999
-207431.62000000008
-251072.24999999994
-198377.42
-235997.42000000004
-135115.5
-73501.76000000001
-645864.0000000003
-439509.72
-513098.06
-565384.86
-496877.3600000003
-267914.5
-204108.09999999995
-161620.25000000003
-111674.88999999997
-75976.68000000002
-266614.9199999999
-215534.87999999995
-180418.41999999993
-126490.00000000003
-149861.87999999995
-64960.93999999998
-137061.96
-156476.24999999997
-35421.67999999999
-276698.52
-266945.01
-174531.51999999993
-266960.16000000003
-54055.870000000024
-87092.4
-40566.00000000001
-42764.0
3146.6400000000003
