id,ans
0,0
1,0
2,0
3,2
4,4
5,5
6,1
7,2
8,5
9,4
10,0
11,5
12,2
13,1
14,0
15,5
16,1
17,1
18,5
19,1
20,0
21,2
22,0
23,3
24,4
25,3
26,2
27,1
28,1
29,4
30,0
31,1
32,4
33,4
34,0
35,0
36,1
37,1
38,2
39,4
40,3
41,5
42,0
43,5
44,2
45,5
46,1
47,3
48,5
49,1
50,0
51,0
52,1
53,2
54,5
55,1
56,2
57,0
58,4
59,1
60,3
61,2
62,1
63,2
64,1
65,1
66,4
67,5
68,2
69,3
70,2
71,4
72,1
73,5
74,2
75,4
76,1
77,2
78,4
79,5
80,5
81,1
82,3
83,3
84,4
85,0
86,0
87,2
88,0
89,4
90,2
91,2
92,5
93,5
94,4
95,4
96,5
97,5
98,0
99,0
100,5
101,4
102,4
103,3
104,5
105,2
106,2
107,2
108,1
109,3
110,2
111,3
112,2
113,4
114,5
115,3
116,5
117,2
118,1
119,5
120,3
121,1
122,3
123,0
124,2
125,1
126,5
127,2
128,1
129,5
130,3
131,3
132,2
133,2
134,0
135,1
136,1
137,3
138,4
139,5
140,2
141,1
142,0
143,5
144,0
145,0
146,3
147,0
148,2
149,5
150,1
151,4
152,5
153,5
154,0
155,0
156,0
157,2
158,3
159,3
160,4
161,3
162,0
163,3
164,5
165,2
166,3
167,2
168,4
169,3
170,0
171,0
172,2
173,1
174,5
175,4
176,2
177,0
178,5
179,2
180,0
181,0
182,4
183,1
184,5
185,1
186,1
187,2
188,2
189,5
190,0
191,5
192,0
193,0
194,4
195,2
196,0
197,2
198,3
199,4
200,5
201,0
202,0
203,1
204,2
205,4
206,3
207,5
208,2
209,5
210,5
211,2
212,0
213,4
214,3
215,0
216,1
217,0
218,0
219,1
220,3
221,4
222,1
223,1
224,5
225,5
226,4
227,0
228,5
229,4
230,3
231,0
232,4
233,4
234,1
235,4
236,5
237,3
238,4
239,0
240,1
241,4
242,3
243,4
244,3
245,4
246,2
247,2
248,2
249,5
250,0
251,1
252,5
253,3
254,3
255,2
256,2
257,1
258,3
259,0
260,0
261,2
262,4
263,0
264,2
265,0
266,3
267,2
268,5
269,3
270,3
271,2
272,4
273,5
274,4
275,0
276,0
277,4
278,5
279,0
280,5
281,2
282,3
283,3
284,0
285,2
286,0
287,3
288,1
289,3
290,2
291,3
292,4
293,1
294,3
295,2
296,5
297,4
298,4
299,2
300,5
301,5
302,4
303,0
304,5
305,1
306,5
307,4
308,0
309,0
310,2
311,1
312,0
313,5
314,4
315,2
316,0
317,1
318,4
319,1
320,4
321,0
322,4
323,2
324,0
325,2
326,1
327,0
328,3
329,5
330,4
331,3
332,3
333,2
334,0
335,2
336,5
337,4
338,5
339,2
340,1
341,0
342,1
343,5
344,3
345,5
346,5
347,5
348,1
349,5
350,1
351,2
352,2
353,5
354,5
355,3
356,3
357,4
358,1
359,1
360,3
361,4
362,3
363,0
364,5
365,1
366,1
367,2
368,3
369,2
370,5
371,4
372,1
373,5
374,5
375,5
376,4
377,0
378,0
379,2
380,5
381,4
382,5
383,2
384,5
385,1
386,5
387,2
388,5
389,3
390,0
391,3
392,4
393,4
394,3
395,0
396,4
397,0
398,0
399,4
400,1
401,0
402,0
403,5
404,2
405,5
406,2
407,2
408,1
409,5
410,5
411,4
412,5
413,5
414,5
415,4
416,3
417,1
418,0
419,1
420,2
421,4
422,0
423,2
424,5
425,0
426,3
427,2
428,2
429,0
430,1
431,5
432,2
433,3
434,5
435,0
436,1
437,4
438,1
439,2
440,4
441,3
442,0
443,1
444,5
445,2
446,4
447,1
448,0
449,5
450,4
451,3
452,0
453,1
454,5
455,4
456,2
457,2
458,0
459,1
460,3
461,2
462,1
463,2
464,4
465,3
466,1
467,4
468,5
469,1
470,1
471,0
472,5
473,2
474,0
475,2
476,2
477,3
478,2
479,4
480,4
481,2
482,0
483,4
484,0
485,4
486,0
487,3
488,1
489,3
490,2
491,0
492,3
493,3
494,3
495,3
496,1
497,3
498,1
499,0
500,1
501,1
502,2
503,4
504,3
505,0
506,0
507,5
508,3
509,5
510,3
511,2
512,4
513,5
514,2
515,0
516,4
517,4
518,1
519,0
520,4
521,3
522,3
523,4
524,5
525,2
526,5
527,5
528,2
529,1
530,0
531,1
532,1
533,1
534,2
535,5
536,1
537,3
538,5
539,4
540,4
541,3
542,0
543,3
544,3
545,4
546,4
547,2
548,2
549,4
550,5
551,0
552,5
553,0
554,0
555,2
556,4
557,4
558,1
559,2
560,0
561,4
562,0
563,2
564,2
565,0
566,0
567,2
568,1
569,5
570,3
571,3
572,0
573,0
574,0
575,4
576,1
577,5
578,4
579,3
580,1
581,2
582,5
583,1
584,1
585,4
586,0
587,3
588,3
589,5
590,1
591,4
592,3
593,3
594,2
595,0
596,3
597,1
598,4
599,3
600,2
601,1
602,1
603,0
604,5
605,0
606,4
607,1
608,5
609,2
610,0
611,4
612,3
613,1
614,1
615,5
616,0
617,5
618,5
619,5
620,5
621,2
622,2
623,4
624,2
625,4
626,5
627,0
628,5
629,1
630,4
631,0
632,3
633,4
634,5
635,0
636,5
637,3
638,2
639,3
640,3
641,0
642,4
643,2
644,3
645,0
646,2
647,1
648,0
649,1
650,3
651,5
652,3
653,4
654,4
655,2
656,0
657,2
658,0
659,0
660,0
661,0
662,1
663,2
664,3
665,4
666,0
667,1
668,1
669,5
670,5
671,2
672,1
673,3
674,2
675,3
676,0
677,3
678,5
679,1
680,3
681,5
682,0
683,5
684,2
685,0
686,0
687,1
688,4
689,4
690,3
691,1
692,4
693,0
694,4
695,5
696,1
697,1
698,3
699,2
700,1
701,4
702,2
703,1
704,5
705,5
706,1
707,3
708,3
709,5
710,3
711,0
712,5
713,2
714,0
715,3
716,0
717,0
718,1
719,1
720,0
721,1
722,5
723,0
724,4
725,2
726,4
727,4
728,2
729,2
730,3
731,3
732,1
733,5
734,1
735,0
736,4
737,5
738,4
739,4
740,4
741,4
742,3
743,1
744,2
745,3
746,5
747,2
748,0
749,1
750,2
751,1
752,5
753,2
754,0
755,2
756,0
757,0
758,3
759,2
760,2
761,2
762,5
763,4
764,4
765,1
766,2
767,1
768,2
769,4
770,2
771,2
772,3
773,0
774,1
775,2
776,4
777,2
778,2
779,5
780,3
781,0
782,4
783,5
784,4
785,2
786,3
787,1
788,4
789,5
790,3
791,0
792,5
793,3
794,3
795,5
796,2
797,0
798,3
799,0
800,1
801,3
802,4
803,3
804,0
805,2
806,4
807,1
808,3
809,0
810,3
811,3
812,5
813,1
814,0
815,4
816,1
817,2
818,2
819,2
820,4
821,5
822,5
823,3
824,0
825,2
826,5
827,4
828,5
829,4
830,2
831,0
832,5
833,0
834,4
835,4
836,5
837,5
838,3
839,3
840,0
841,0
842,1
843,1
844,4
845,1
846,5
847,0
848,0
849,3
850,4
851,0
852,0
853,1
854,3
855,4
856,2
857,5
858,0
859,5
860,4
861,0
862,5
863,3
864,0
865,0
866,3
867,0
868,3
869,5
870,2
871,3
872,3
873,2
874,0
875,4
876,5
877,5
878,5
879,4
880,3
881,3
882,2
883,3
884,5
885,5
886,4
887,4
888,2
889,2
890,5
891,4
892,5
893,0
894,0
895,5
896,0
897,3
898,0
899,1
900,4
901,2
902,1
903,5
904,3
905,0
906,2
907,2
908,2
909,1
910,2
911,0
912,4
913,0
914,4
915,3
916,2
917,3
918,0
919,0
920,2
921,2
922,3
923,2
924,0
925,3
926,4
927,0
928,1
929,1
930,1
931,3
932,5
933,4
934,4
935,1
936,3
937,2
938,5
939,4
940,2
941,1
942,4
943,5
944,4
945,0
946,3
947,3
948,4
949,5
950,1
951,0
952,3
953,2
954,4
955,1
956,3
957,1
958,4
959,3
960,0
961,3
962,2
963,4
964,5
965,5
966,3
967,4
968,4
969,3
970,0
971,5
972,5
973,4
974,1
975,3
976,2
977,5
978,4
979,4
980,0
981,0
982,4
983,3
984,0
985,0
986,4
987,2
988,0
989,4
990,5
991,2
992,4
993,3
994,5
995,0
996,2
997,1
998,2
999,2
1000,2
1001,4
1002,4
1003,0
1004,3
1005,0
1006,1
1007,2
1008,4
1009,5
1010,0
1011,4
1012,2
1013,0
1014,2
1015,5
1016,3
1017,1
1018,1
1019,5
1020,2
1021,4
1022,0
1023,3
1024,5
1025,4
1026,3
1027,1
1028,3
1029,0
1030,0
1031,0
1032,4
1033,4
1034,0
1035,0
1036,2
1037,2
1038,2
1039,0
1040,1
1041,2
1042,5
1043,1
1044,2
1045,4
1046,0
1047,1
1048,0
1049,4
1050,0
1051,3
1052,2
1053,0
1054,2
1055,0
1056,3
1057,4
1058,2
1059,1
1060,3
1061,2
1062,1
1063,0
1064,0
1065,5
1066,3
1067,4
1068,0
1069,5
1070,5
1071,3
1072,4
1073,0
1074,3
1075,0
1076,5
1077,5
1078,1
1079,2
1080,1
1081,0
1082,0
1083,0
1084,2
1085,3
1086,1
1087,4
1088,0
1089,5
1090,1
1091,4
1092,1
1093,0
1094,3
1095,5
1096,3
1097,5
1098,0
1099,3
1100,5
1101,2
1102,1
1103,5
1104,0
1105,4
1106,0
1107,0
1108,1
1109,3
1110,0
1111,0
1112,4
1113,3
1114,2
1115,0
1116,0
1117,4
1118,0
1119,5
1120,3
1121,0
1122,0
1123,1
1124,2
1125,0
1126,3
1127,0
1128,3
1129,3
1130,2
1131,4
1132,2
1133,5
1134,0
1135,2
1136,2
1137,2
1138,3
1139,4
1140,4
1141,3
1142,0
1143,5
1144,5
1145,5
1146,2
1147,3
1148,4
1149,3
1150,1
1151,0
1152,1
1153,5
1154,5
1155,4
1156,5
1157,5
1158,2
1159,3
1160,5
1161,5
1162,1
1163,1
1164,1
1165,0
1166,2
1167,0
1168,1
1169,0
1170,5
1171,0
1172,4
1173,3
1174,0
1175,3
1176,1
1177,0
1178,5
1179,3
1180,1
1181,3
1182,4
1183,2
1184,1
1185,1
1186,3
1187,5
1188,4
1189,2
1190,4
1191,1
1192,3
1193,1
1194,5
1195,1
1196,0
1197,5
1198,4
1199,5
1200,0
1201,1
1202,2
1203,3
1204,5
1205,2
1206,0
1207,5
1208,3
1209,0
1210,3
1211,3
1212,2
1213,3
1214,1
1215,4
1216,5
1217,3
1218,2
1219,1
1220,0
1221,1
1222,3
1223,3
1224,2
1225,3
1226,5
1227,2
1228,4
1229,2
1230,0
1231,5
1232,5
1233,5
1234,1
1235,1
1236,3
1237,1
1238,4
1239,3
1240,3
1241,2
1242,0
1243,2
1244,3
1245,0
1246,0
1247,1
1248,5
1249,3
1250,4
1251,0
1252,2
1253,4
1254,2
1255,4
1256,4
1257,3
1258,0
1259,1
1260,1
1261,0
1262,5
1263,1
1264,2
1265,5
1266,1
1267,0
1268,1
1269,4
1270,2
1271,0
1272,0
1273,5
1274,5
1275,2
1276,3
1277,4
1278,4
1279,4
1280,2
1281,0
1282,2
1283,5
1284,5
1285,3
1286,0
1287,1
1288,1
1289,4
1290,5
1291,1
1292,0
1293,3
1294,5
1295,0
1296,4
1297,3
1298,2
1299,4
1300,5
1301,0
1302,4
1303,2
1304,4
1305,4
1306,3
1307,3
1308,4
1309,0
1310,2
1311,1
1312,1
1313,3
1314,5
1315,5
1316,4
1317,4
1318,2
1319,3
1320,1
1321,0
1322,1
1323,4
1324,2
1325,1
1326,0
1327,4
1328,3
1329,3
1330,2
1331,1
1332,4
1333,2
1334,1
1335,2
1336,3
1337,5
1338,3
1339,3
1340,3
1341,4
1342,5
1343,5
1344,0
1345,4
1346,0
1347,5
1348,4
1349,0
1350,4
1351,1
1352,0
1353,4
1354,3
1355,4
1356,4
1357,0
1358,3
1359,0
1360,0
1361,1
1362,5
1363,3
1364,5
1365,1
1366,0
1367,1
1368,2
1369,0
1370,4
1371,5
1372,1
1373,5
1374,0
1375,1
1376,5
1377,4
1378,4
1379,0
1380,3
1381,3
1382,0
1383,0
1384,3
1385,0
1386,3
1387,2
1388,0
1389,3
1390,1
1391,0
1392,2
1393,3
1394,5
1395,3
1396,4
1397,0
1398,1
1399,3
1400,3
1401,5
1402,1
1403,0
1404,4
1405,2
1406,1
1407,0
1408,3
1409,0
1410,0
1411,5
1412,3
1413,3
1414,2
1415,2
1416,1
1417,3
1418,5
1419,2
1420,3
1421,5
1422,3
1423,5
1424,4
1425,0
1426,2
1427,0
1428,0
1429,4
1430,0
1431,1
1432,2
1433,2
1434,3
1435,5
1436,0
1437,2
1438,5
1439,1
1440,3
1441,5
1442,2
1443,4
1444,2
1445,1
1446,1
1447,4
1448,1
1449,3
1450,0
1451,3
1452,3
1453,0
1454,3
1455,5
1456,2
1457,3
1458,2
1459,0
1460,5
1461,2
1462,4
1463,5
1464,0
1465,3
1466,5
1467,1
1468,0
1469,1
1470,4
1471,3
1472,5
1473,0
1474,3
1475,3
1476,3
1477,3
1478,2
1479,0
1480,3
1481,1
1482,2
1483,2
1484,2
1485,1
1486,4
1487,4
1488,3
1489,2
1490,2
1491,2
1492,5
1493,4
1494,4
1495,2
1496,1
1497,2
1498,3
1499,2
1500,3
1501,1
1502,3
1503,0
1504,3
1505,2
1506,4
1507,0
1508,4
1509,5
1510,5
1511,4
1512,4
1513,4
1514,4
1515,5
1516,0
1517,2
1518,3
1519,4
1520,2
1521,3
1522,2
1523,3
1524,1
1525,0
1526,5
1527,3
1528,0
1529,1
1530,3
1531,1
1532,3
1533,2
1534,4
1535,3
1536,3
1537,2
1538,0
1539,0
1540,4
1541,5
1542,4
1543,1
1544,4
1545,1
1546,5
1547,0
1548,5
1549,4
1550,4
1551,0
1552,5
1553,2
1554,3
1555,0
1556,0
1557,1
1558,2
1559,5
1560,3
1561,3
1562,4
1563,2
1564,1
1565,3
1566,5
1567,0
1568,1
1569,4
1570,5
1571,0
1572,3
1573,0
1574,4
1575,1
1576,4
1577,1
1578,2
1579,5
1580,5
1581,5
1582,3
1583,3
1584,3
1585,0
1586,1
1587,5
1588,5
1589,2
1590,5
1591,0
1592,2
1593,2
1594,4
1595,4
1596,3
1597,5
1598,2
1599,5
1600,4
1601,1
1602,5
1603,1
1604,2
1605,0
1606,2
1607,2
1608,3
1609,2
1610,5
1611,5
1612,1
1613,3
1614,2
1615,5
1616,0
1617,1
1618,5
1619,2
1620,5
1621,3
1622,1
1623,1
1624,1
1625,4
1626,3
1627,2
1628,1
1629,2
1630,4
1631,3
1632,5
1633,5
1634,0
1635,0
1636,4
1637,5
1638,4
1639,0
1640,3
1641,4
1642,4
1643,4
1644,1
1645,1
1646,3
1647,4
1648,0
1649,5
1650,3
1651,0
1652,0
1653,2
1654,5
1655,1
1656,4
1657,3
1658,5
1659,3
1660,4
1661,1
1662,4
1663,5
1664,3
1665,2
1666,2
1667,1
1668,0
1669,0
1670,3
1671,0
1672,1
1673,2
1674,0
1675,4
1676,4
1677,3
1678,3
1679,2
1680,0
1681,3
1682,1
1683,3
1684,1
1685,0
1686,5
1687,5
1688,5
1689,5
1690,0
1691,0
1692,1
1693,3
1694,1
1695,0
1696,2
1697,5
1698,3
1699,1
1700,0
1701,1
1702,5
1703,5
1704,1
1705,4
1706,4
1707,1
1708,4
1709,4
1710,3
1711,0
1712,5
1713,2
1714,0
1715,3
1716,4
1717,4
1718,2
1719,4
1720,0
1721,0
1722,4
1723,4
1724,5
1725,5
1726,4
1727,1
1728,5
1729,1
1730,3
1731,5
1732,2
1733,0
1734,4
1735,4
1736,4
1737,2
1738,3
1739,5
1740,5
1741,2
1742,5
1743,0
1744,1
1745,5
1746,3
1747,3
1748,1
1749,2
1750,0
1751,2
1752,1
1753,2
1754,5
1755,5
1756,2
1757,3
1758,4
1759,3
1760,0
1761,2
1762,4
1763,3
1764,1
1765,5
1766,5
1767,0
1768,5
1769,0
1770,3
1771,0
1772,0
1773,1
1774,1
1775,5
1776,2
1777,5
1778,3
1779,5
1780,0
1781,5
1782,3
1783,2
1784,1
1785,0
1786,3
1787,0
1788,0
1789,3
1790,1
1791,4
1792,0
1793,0
1794,2
1795,4
1796,5
1797,2
1798,1
1799,4
1800,1
1801,4
1802,4
1803,0
1804,0
1805,3
1806,2
1807,1
1808,1
1809,1
1810,5
1811,5
1812,0
1813,1
1814,1
1815,1
1816,4
1817,0
1818,1
1819,2
1820,0
1821,1
1822,0
1823,2
1824,3
1825,3
1826,0
1827,2
1828,3
1829,4
1830,2
1831,5
1832,0
1833,1
1834,4
1835,4
1836,2
1837,3
1838,3
1839,3
1840,4
1841,5
1842,1
1843,1
1844,4
1845,5
1846,0
1847,3
1848,4
1849,4
1850,0
1851,0
1852,2
1853,2
1854,3
1855,1
1856,4
1857,0
1858,2
1859,5
1860,2
1861,4
1862,2
1863,4
1864,5
1865,4
1866,4
1867,1
1868,1
1869,5
1870,3
1871,0
1872,4
1873,1
1874,0
1875,5
1876,2
1877,3
1878,0
1879,4
1880,2
1881,4
1882,1
1883,5
1884,1
1885,0
1886,1
1887,2
1888,1
1889,4
1890,3
1891,1
1892,3
1893,2
1894,4
1895,4
1896,3
1897,2
1898,5
1899,2
1900,5
1901,0
1902,1
1903,4
1904,4
1905,0
1906,4
1907,0
1908,3
1909,1
1910,2
1911,3
1912,5
1913,2
1914,0
1915,0
1916,0
1917,3
1918,2
1919,1
1920,1
1921,3
1922,2
1923,3
1924,5
1925,3
1926,0
1927,5
1928,1
1929,1
1930,5
1931,3
1932,3
1933,2
1934,4
1935,5
1936,2
1937,5
1938,5
1939,0
1940,1
1941,1
1942,5
1943,5
1944,2
1945,0
1946,1
1947,1
1948,3
1949,5
1950,1
1951,5
1952,3
1953,0
1954,0
1955,4
1956,4
1957,5
1958,0
1959,0
1960,5
1961,3
1962,0
1963,1
1964,0
1965,2
1966,1
1967,1
1968,2
1969,3
1970,1
1971,3
1972,1
1973,4
1974,3
1975,2
1976,2
1977,4
1978,4
1979,0
1980,0
1981,4
1982,1
1983,2
1984,0
1985,5
1986,3
1987,2
1988,0
1989,5
1990,0
1991,2
1992,5
1993,3
1994,5
1995,2
1996,0
1997,5
1998,1
1999,3
2000,0
2001,5
2002,5
2003,4
2004,4
2005,0
2006,4
2007,5
2008,4
2009,0
2010,2
2011,5
2012,2
2013,5
2014,5
2015,0
2016,5
2017,2
2018,1
2019,1
2020,0
2021,1
2022,1
2023,5
2024,1
2025,5
2026,2
2027,0
2028,2
2029,3
2030,4
2031,1
2032,1
2033,1
2034,3
2035,1
2036,0
2037,5
2038,4
2039,2
2040,2
2041,0
2042,3
2043,5
2044,5
2045,2
2046,5
2047,2
2048,4
2049,5
2050,5
2051,5
2052,1
2053,2
2054,4
2055,1
2056,2
2057,3
2058,0
2059,1
2060,1
2061,5
2062,0
2063,5
2064,3
2065,5
2066,0
2067,1
2068,3
2069,2
2070,0
2071,3
2072,2
2073,2
2074,5
2075,1
2076,0
2077,3
2078,5
2079,0
2080,0
2081,0
2082,0
2083,3
2084,1
2085,5
2086,3
2087,4
2088,5
2089,0
2090,3
2091,1
2092,0
2093,3
2094,1
2095,5
2096,0
2097,0
2098,0
2099,1
2100,4
2101,2
2102,2
2103,5
2104,5
2105,1
2106,1
2107,4
2108,5
2109,4
2110,2
2111,1
2112,4
2113,5
2114,3
2115,0
2116,2
2117,3
2118,2
2119,1
2120,3
2121,2
2122,1
2123,1
2124,0
2125,4
2126,0
2127,2
2128,0
2129,3
2130,4
2131,4
2132,1
2133,1
2134,4
2135,2
2136,0
2137,5
2138,2
2139,4
2140,1
2141,1
2142,4
2143,1
2144,4
2145,5
2146,2
2147,0
2148,4
2149,4
2150,1
2151,5
2152,1
2153,5
2154,3
2155,4
2156,0
2157,2
2158,1
2159,0
2160,3
2161,1
2162,3
2163,3
2164,3
2165,4
2166,5
2167,5
2168,1
2169,4
2170,1
2171,0
2172,3
2173,4
2174,5
2175,1
2176,3
2177,1
2178,5
2179,2
2180,3
2181,4
2182,5
2183,2
2184,3
2185,0
2186,0
2187,4
2188,1
2189,1
2190,0
2191,3
2192,1
2193,2
2194,1
2195,1
2196,2
2197,0
2198,5
2199,5
2200,2
2201,1
2202,1
2203,2
2204,1
2205,5
2206,3
2207,4
2208,3
2209,4
2210,1
2211,4
2212,0
2213,0
2214,5
2215,0
2216,0
2217,0
2218,2
2219,2
2220,0
2221,2
2222,5
2223,1
2224,4
2225,5
2226,1
2227,3
2228,3
2229,3
2230,5
2231,1
2232,1
2233,0
2234,1
2235,5
2236,1
2237,1
2238,5
2239,1
2240,3
2241,3
2242,2
2243,3
2244,3
2245,1
2246,0
2247,5
2248,3
2249,2
2250,0
2251,4
2252,4
2253,2
2254,0
2255,0
2256,4
2257,0
2258,4
2259,3
2260,1
2261,5
2262,5
2263,4
2264,0
2265,1
2266,4
2267,1
2268,3
2269,4
2270,4
2271,1
2272,2
2273,0
2274,4
2275,1
2276,5
2277,1
2278,1
2279,3
2280,5
2281,1
2282,3
2283,5
2284,3
2285,5
2286,1
2287,0
2288,5
2289,0
2290,3
2291,0
2292,3
2293,3
2294,4
2295,5
2296,1
2297,0
2298,1
2299,1
2300,0
2301,1
2302,0
2303,5
2304,3
2305,4
2306,2
2307,2
2308,1
2309,1
2310,5
2311,3
2312,0
2313,0
2314,0
2315,0
2316,0
2317,3
2318,4
2319,4
2320,0
2321,5
2322,2
2323,3
2324,1
2325,4
2326,5
2327,0
2328,3
2329,0
2330,3
2331,0
2332,4
2333,5
2334,3
2335,4
2336,0
2337,1
2338,4
2339,0
2340,3
2341,2
2342,3
2343,0
2344,1
2345,3
2346,0
2347,3
2348,1
2349,1
2350,5
2351,0
2352,3
2353,2
2354,1
2355,5
2356,4
2357,5
2358,2
2359,1
2360,0
2361,2
2362,3
2363,0
2364,0
2365,5
2366,4
2367,3
2368,0
2369,5
2370,3
2371,1
2372,5
2373,3
2374,4
2375,4
2376,3
2377,5
2378,4
2379,5
2380,0
2381,1
2382,2
2383,2
2384,3
2385,2
2386,0
2387,5
2388,2
2389,0
2390,2
2391,1
2392,3
2393,2
2394,5
2395,3
2396,5
2397,1
2398,2
2399,1
2400,1
2401,1
2402,4
2403,4
2404,3
2405,2
2406,2
2407,0
2408,4
2409,4
2410,1
2411,2
2412,0
2413,1
2414,1
2415,4
2416,2
2417,1
2418,0
2419,5
2420,4
2421,0
2422,2
2423,0
2424,3
2425,2
2426,2
2427,0
2428,0
2429,3
2430,2
2431,2
2432,2
2433,4
2434,5
2435,1
2436,3
2437,5
2438,3
2439,5
2440,4
2441,1
2442,5
2443,1
2444,0
2445,1
2446,3
2447,0
2448,4
2449,2
2450,0
2451,0
2452,1
2453,3
2454,2
2455,0
2456,0
2457,3
2458,2
2459,0
2460,2
2461,3
2462,5
2463,0
2464,1
2465,2
2466,0
2467,1
2468,4
2469,3
2470,0
2471,3
2472,1
2473,3
2474,2
2475,1
2476,4
2477,5
2478,5
2479,1
2480,3
2481,0
2482,1
2483,3
2484,5
2485,2
2486,3
2487,2
2488,0
2489,4
2490,0
2491,0
2492,4
2493,3
2494,4
2495,4
2496,2
2497,3
2498,2
2499,0
2500,4
2501,1
2502,0
2503,0
2504,3
2505,4
2506,1
2507,0
2508,1
2509,3
2510,2
2511,3
2512,3
2513,3
2514,2
2515,3
2516,5
2517,1
2518,0
2519,0
2520,4
2521,0
2522,4
2523,3
2524,2
2525,2
2526,2
2527,2
2528,3
2529,5
2530,5
2531,4
2532,4
2533,5
2534,1
2535,0
2536,2
2537,2
2538,1
2539,3
2540,5
2541,5
2542,1
2543,1
2544,3
2545,2
2546,5
2547,0
2548,3
2549,4
2550,0
2551,5
2552,2
2553,3
2554,5
2555,2
2556,5
2557,4
2558,2
2559,0
2560,3
2561,0
2562,2
2563,1
2564,4
2565,1
2566,3
2567,2
2568,2
2569,2
2570,5
2571,0
2572,4
2573,3
2574,3
2575,4
2576,3
2577,4
2578,0
2579,2
2580,4
2581,1
2582,0
2583,3
2584,0
2585,4
2586,0
2587,0
2588,2
2589,0
2590,0
2591,4
2592,1
2593,2
2594,3
2595,4
2596,1
2597,2
2598,0
2599,2
2600,0
2601,2
2602,4
2603,1
2604,1
2605,1
2606,0
2607,0
2608,3
2609,0
2610,5
2611,4
2612,1
2613,4
2614,5
2615,2
2616,4
2617,5
2618,2
2619,2
2620,4
2621,4
2622,2
2623,3
2624,4
2625,1
2626,0
2627,2
2628,2
2629,4
2630,5
2631,4
2632,0
2633,2
2634,3
2635,3
2636,0
2637,4
2638,3
2639,3
2640,5
2641,2
2642,0
2643,4
2644,5
2645,0
2646,1
2647,4
2648,5
2649,3
2650,3
2651,3
2652,3
2653,0
2654,5
2655,4
2656,1
2657,0
2658,0
2659,2
2660,0
2661,5
2662,5
2663,2
2664,0
2665,4
2666,2
2667,1
2668,4
2669,2
2670,5
2671,0
2672,5
2673,1
2674,5
2675,0
2676,3
2677,4
2678,4
2679,5
2680,0
2681,3
2682,5
2683,2
2684,3
2685,0
2686,5
2687,5
2688,3
2689,5
2690,5
2691,3
2692,3
2693,2
2694,5
2695,4
2696,5
2697,3
2698,1
2699,2
2700,5
2701,1
2702,1
2703,0
2704,3
2705,1
2706,4
2707,0
2708,3
2709,5
2710,0
2711,1
2712,5
2713,2
2714,4
2715,2
2716,3
2717,3
2718,5
2719,2
2720,2
2721,5
2722,4
2723,5
2724,1
2725,3
2726,0
2727,0
2728,5
2729,4
2730,0
2731,3
2732,5
2733,1
2734,1
2735,0
2736,5
2737,2
2738,3
2739,3
2740,2
2741,4
2742,3
2743,1
2744,1
2745,0
2746,3
2747,5
2748,0
2749,1
2750,0
2751,1
2752,4
2753,1
2754,3
2755,1
2756,3
2757,4
2758,1
2759,2
2760,1
2761,4
2762,2
2763,2
2764,2
2765,2
2766,2
2767,1
2768,3
2769,5
2770,3
2771,2
2772,2
2773,1
2774,0
2775,1
2776,5
2777,5
2778,2
2779,3
2780,3
2781,0
2782,2
2783,1
2784,4
2785,3
2786,0
2787,0
2788,4
2789,4
2790,5
2791,3
2792,0
2793,0
2794,2
2795,4
2796,2
2797,1
2798,4
2799,3
2800,0
2801,5
2802,1
2803,0
2804,2
2805,3
2806,4
2807,4
2808,0
2809,1
2810,0
2811,0
2812,1
2813,0
2814,0
2815,1
2816,5
2817,3
2818,1
2819,0
2820,5
2821,2
2822,2
2823,3
2824,0
2825,5
2826,3
2827,0
2828,1
2829,5
2830,4
2831,0
2832,1
2833,4
2834,4
2835,1
2836,2
2837,5
2838,5
2839,3
2840,0
2841,0
2842,3
2843,5
2844,1
2845,3
2846,4
2847,2
2848,0
2849,0
2850,0
2851,1
2852,1
2853,1
2854,3
2855,5
2856,2
2857,4
2858,5
2859,2
2860,5
2861,3
2862,4
2863,0
2864,3
2865,5
2866,2
2867,5
2868,0
2869,5
2870,5
2871,4
2872,3
2873,2
2874,3
2875,5
2876,1
2877,0
2878,4
2879,3
2880,5
2881,4
2882,5
2883,3
2884,2
2885,4
2886,0
2887,5
2888,5
2889,3
2890,5
2891,2
2892,3
2893,5
2894,2
2895,1
2896,4
2897,5
2898,0
2899,3
2900,4
2901,3
2902,3
2903,3
2904,5
2905,3
2906,2
2907,3
2908,0
2909,0
2910,5
2911,4
2912,1
2913,1
2914,4
2915,1
2916,4
2917,0
2918,0
2919,2
2920,2
2921,4
2922,1
2923,3
2924,3
2925,2
2926,3
2927,2
2928,5
2929,1
2930,4
2931,4
2932,1
2933,2
2934,1
2935,5
2936,2
2937,2
2938,4
2939,0
2940,3
2941,1
2942,2
2943,0
2944,4
2945,5
2946,0
2947,1
2948,0
2949,0
2950,2
2951,2
2952,1
2953,5
2954,0
2955,4
2956,1
2957,0
2958,5
2959,1
2960,2
2961,1
2962,4
2963,1
2964,3
2965,2
2966,0
2967,4
2968,4
2969,2
2970,1
2971,2
2972,1
2973,5
2974,4
2975,4
2976,2
2977,4
2978,3
2979,3
2980,4
2981,0
2982,3
2983,4
2984,3
2985,5
2986,3
2987,0
2988,5
2989,4
2990,5
2991,4
2992,5
2993,1
2994,1
2995,0
2996,0
2997,0
2998,5
2999,2
3000,0
3001,4
3002,4
3003,5
3004,3
3005,3
3006,2
3007,3
3008,1
3009,2
3010,1
3011,5
3012,0
3013,4
3014,3
3015,3
3016,2
3017,4
3018,1
3019,0
3020,0
3021,3
3022,3
3023,1
3024,5
3025,0
3026,1
3027,5
3028,3
3029,0
3030,1
3031,4
3032,1
3033,1
3034,2
3035,5
3036,2
3037,5
3038,4
3039,3
3040,0
3041,0
3042,4
3043,4
3044,1
3045,1
3046,2
3047,0
3048,4
3049,0
3050,4
3051,2
3052,5
3053,4
3054,3
3055,0
3056,0
3057,3
3058,2
3059,2
3060,5
3061,4
3062,0
3063,3
3064,0
3065,1
3066,1
3067,3
3068,5
3069,0
3070,1
3071,5
3072,4
3073,1
3074,3
3075,5
3076,3
3077,4
3078,5
3079,1
3080,2
3081,0
3082,3
3083,1
3084,2
3085,0
3086,2
3087,3
3088,1
3089,1
3090,5
3091,0
3092,0
3093,0
3094,3
3095,3
3096,5
3097,4
3098,3
3099,5
3100,2
3101,1
3102,3
3103,1
3104,1
3105,1
3106,4
3107,5
3108,2
3109,3
3110,2
3111,4
3112,3
3113,2
3114,3
3115,3
3116,4
3117,0
3118,1
3119,0
3120,0
3121,5
3122,5
3123,0
3124,0
3125,5
3126,4
3127,4
3128,2
3129,1
3130,0
3131,2
3132,2
3133,3
3134,5
3135,4
3136,2
3137,2
3138,1
3139,2
3140,5
3141,3
3142,1
3143,4
3144,4
3145,4
3146,3
3147,0
3148,4
3149,0
3150,5
3151,5
3152,0
3153,2
3154,5
3155,1
3156,0
3157,1
3158,1
3159,4
3160,3
3161,0
3162,1
3163,5
3164,0
3165,5
3166,3
3167,4
3168,1
3169,4
3170,2
3171,1
3172,1
3173,4
3174,4
3175,3
3176,5
3177,1
3178,2
3179,4
3180,0
3181,4
3182,2
3183,2
3184,3
3185,5
3186,3
3187,3
3188,0
3189,0
3190,5
3191,5
3192,0
3193,1
3194,4
3195,5
3196,2
3197,1
3198,4
3199,0
3200,1
3201,5
3202,0
3203,5
3204,0
3205,4
3206,3
3207,1
3208,4
3209,5
3210,0
3211,5
3212,2
3213,1
3214,3
3215,3
3216,0
3217,0
3218,2
3219,1
3220,0
3221,2
3222,1
3223,2
3224,3
3225,0
3226,4
3227,1
3228,3
3229,5
3230,1
3231,2
3232,3
3233,4
3234,5
3235,1
3236,0
3237,0
3238,2
3239,0
3240,5
3241,4
3242,2
3243,0
3244,4
3245,0
3246,2
3247,2
3248,4
3249,2
3250,0
3251,2
3252,3
3253,4
3254,3
3255,3
3256,1
3257,5
3258,0
3259,1
3260,0
3261,5
3262,0
3263,5
3264,4
3265,4
3266,2
3267,0
3268,4
3269,1
3270,0
3271,5
3272,4
3273,5
3274,1
3275,1
3276,5
3277,5
3278,2
3279,5
3280,0
3281,1
3282,3
3283,0
3284,3
3285,1
3286,1
3287,5
3288,4
3289,5
3290,3
3291,2
3292,1
3293,0
3294,3
3295,2
3296,4
3297,4
3298,2
3299,5
3300,0
3301,5
3302,3
3303,2
3304,3
3305,2
3306,5
3307,4
3308,0
3309,3
3310,0
3311,2
3312,4
3313,4
3314,2
3315,0
3316,5
3317,2
3318,2
3319,1
3320,3
3321,0
3322,2
3323,2
3324,1
3325,1
3326,1
3327,0
3328,2
3329,2
3330,0
3331,2
3332,3
3333,1
3334,1
3335,3
3336,3
3337,5
3338,1
3339,1
3340,4
3341,3
3342,4
3343,1
3344,4
3345,5
3346,4
3347,0
3348,3
3349,3
3350,3
3351,1
3352,3
3353,2
3354,5
3355,5
3356,1
3357,2
3358,3
3359,4
3360,5
3361,4
3362,2
3363,4
3364,5
3365,4
3366,3
3367,0
3368,0
3369,0
3370,0
3371,1
3372,0
3373,0
3374,4
3375,5
3376,2
3377,2
3378,3
3379,5
3380,5
3381,2
3382,5
3383,4
3384,3
3385,4
3386,5
3387,5
3388,0
3389,1
3390,5
3391,1
3392,4
3393,4
3394,4
3395,0
3396,5
3397,2
3398,3
3399,1
3400,2
3401,1
3402,3
3403,3
3404,3
3405,4
3406,0
3407,2
3408,4
3409,5
3410,1
3411,3
3412,0
3413,4
3414,5
3415,2
3416,4
3417,4
3418,1
3419,4
3420,0
3421,0
3422,0
3423,4
3424,3
3425,3
3426,5
3427,4
3428,2
3429,5
3430,1
3431,2
3432,0
3433,5
3434,3
3435,3
3436,2
3437,4
3438,1
3439,1
3440,2
3441,0
3442,4
3443,3
3444,5
3445,3
3446,3
3447,4
3448,1
3449,2
3450,4
3451,1
3452,5
3453,1
3454,5
3455,4
3456,0
3457,1
3458,4
3459,5
3460,3
3461,0
3462,5
3463,0
3464,4
3465,0
3466,0
3467,1
3468,1
3469,3
3470,5
3471,4
3472,3
3473,5
3474,0
3475,0
3476,4
3477,0
3478,4
3479,0
3480,0
3481,1
3482,1
3483,2
3484,0
3485,0
3486,3
3487,3
3488,1
3489,5
3490,0
3491,3
3492,5
3493,1
3494,3
3495,4
3496,0
3497,3
3498,2
3499,2
3500,3
3501,2
3502,3
3503,2
3504,3
3505,0
3506,1
3507,2
3508,0
3509,4
3510,5
3511,2
3512,0
3513,2
3514,3
3515,1
3516,4
3517,1
3518,2
3519,4
3520,5
3521,2
3522,0
3523,2
3524,4
3525,5
3526,0
3527,3
3528,5
3529,4
3530,1
3531,4
3532,1
3533,3
3534,5
3535,4
3536,4
3537,4
3538,2
3539,3
3540,3
3541,2
3542,2
3543,5
3544,4
3545,4
3546,5
3547,3
3548,4
3549,4
3550,0
3551,4
3552,2
3553,3
3554,4
3555,5
3556,3
3557,4
3558,0
3559,0
3560,4
3561,4
3562,3
3563,0
3564,3
3565,2
3566,3
3567,0
3568,4
3569,1
3570,0
3571,4
3572,0
3573,3
3574,0
3575,2
3576,1
3577,5
3578,5
3579,3
3580,1
3581,2
3582,3
3583,5
3584,5
3585,2
3586,4
3587,0
3588,2
3589,0
3590,3
3591,2
3592,0
3593,5
3594,1
3595,3
3596,1
3597,2
3598,2
3599,5
3600,3
3601,2
3602,1
3603,0
3604,1
3605,2
3606,1
3607,1
3608,3
3609,0
3610,3
3611,2
3612,5
3613,1
3614,0
3615,4
3616,5
3617,2
3618,0
3619,4
3620,0
3621,3
3622,1
3623,1
3624,2
3625,3
3626,5
3627,3
3628,1
3629,2
3630,2
3631,5
3632,2
3633,1
3634,5
3635,3
3636,4
3637,1
3638,2
3639,4
3640,4
3641,1
3642,1
3643,0
3644,3
3645,5
3646,0
3647,5
3648,0
3649,3
3650,0
3651,3
3652,4
3653,2
3654,3
3655,5
3656,4
3657,0
3658,2
3659,3
3660,4
3661,3
3662,1
3663,3
3664,5
3665,2
3666,3
3667,1
3668,0
3669,4
3670,4
3671,1
3672,4
3673,5
3674,0
3675,1
3676,2
3677,2
3678,3
3679,4
3680,0
3681,4
3682,1
3683,3
3684,4
3685,1
3686,4
3687,3
3688,1
3689,2
3690,5
3691,3
3692,5
3693,0
3694,0
3695,3
3696,4
3697,1
3698,4
3699,0
3700,2
3701,2
3702,2
3703,2
3704,3
3705,2
3706,5
3707,4
3708,2
3709,4
3710,0
3711,1
3712,4
3713,5
3714,0
3715,2
3716,3
3717,2
3718,4
3719,1
3720,3
3721,5
3722,3
3723,5
3724,2
3725,2
3726,0
3727,0
3728,5
3729,5
3730,4
3731,1
3732,0
3733,2
3734,3
3735,0
3736,1
3737,0
3738,2
3739,0
3740,4
3741,0
3742,5
3743,5
3744,2
3745,4
3746,1
3747,4
3748,3
3749,0
3750,3
3751,0
3752,3
3753,5
3754,0
3755,0
3756,2
3757,4
3758,1
3759,3
3760,1
3761,1
3762,4
3763,1
3764,2
3765,0
3766,4
3767,0
3768,2
3769,5
3770,2
3771,3
3772,5
3773,2
3774,4
3775,1
3776,5
3777,2
3778,3
3779,4
3780,0
3781,3
3782,2
3783,5
3784,5
3785,4
3786,0
3787,0
3788,3
3789,3
3790,5
3791,0
3792,5
3793,1
3794,5
3795,0
3796,2
3797,4
3798,4
3799,2
3800,2
3801,4
3802,1
3803,5
3804,4
3805,3
3806,0
3807,1
3808,0
3809,5
3810,5
3811,0
3812,5
3813,0
3814,3
3815,0
3816,1
3817,2
3818,2
3819,4
3820,4
3821,2
3822,5
3823,5
3824,0
3825,5
3826,0
3827,0
3828,0
3829,1
3830,1
3831,3
3832,4
3833,4
3834,2
3835,0
3836,1
3837,5
3838,5
3839,5
3840,2
3841,0
3842,5
3843,3
3844,4
3845,2
3846,4
3847,2
3848,1
3849,0
3850,5
3851,5
3852,3
3853,0
3854,0
3855,1
3856,4
3857,3
3858,2
3859,0
3860,0
3861,0
3862,5
3863,5
3864,5
3865,2
3866,5
3867,3
3868,3
3869,0
3870,1
3871,1
3872,0
3873,0
3874,1
3875,3
3876,4
3877,1
3878,5
3879,5
3880,3
3881,5
3882,1
3883,0
3884,0
3885,5
3886,1
3887,3
3888,0
3889,4
3890,5
3891,3
3892,0
3893,2
3894,0
3895,5
3896,5
3897,5
3898,0
3899,2
3900,3
3901,1
3902,2
3903,2
3904,0
3905,1
3906,3
3907,3
3908,1
3909,5
3910,5
3911,4
3912,5
3913,0
3914,3
3915,4
3916,1
3917,3
3918,3
3919,1
3920,4
3921,0
3922,2
3923,0
3924,1
3925,1
3926,3
3927,5
3928,4
3929,0
3930,5
3931,3
3932,5
3933,0
3934,0
3935,4
3936,3
3937,4
3938,4
3939,3
3940,5
3941,3
3942,1
3943,2
3944,2
3945,4
3946,2
3947,0
3948,1
3949,4
3950,5
3951,2
3952,1
3953,3
3954,2
3955,2
3956,3
3957,3
3958,0
3959,2
3960,3
3961,0
3962,0
3963,0
3964,0
3965,3
3966,4
3967,4
3968,0
3969,3
3970,1
3971,4
3972,5
3973,2
3974,1
3975,1
3976,0
3977,0
3978,1
3979,3
3980,5
3981,2
3982,0
3983,5
3984,1
3985,3
3986,1
3987,5
3988,1
3989,1
3990,1
3991,5
3992,5
3993,4
3994,4
3995,5
3996,1
3997,5
3998,0
3999,0
4000,2
4001,0
4002,0
4003,2
4004,2
4005,2
4006,2
4007,5
4008,5
4009,3
4010,5
4011,4
4012,5
4013,2
4014,5
4015,5
4016,1
4017,1
4018,1
4019,3
4020,1
4021,4
4022,2
4023,0
4024,5
4025,5
4026,0
4027,4
4028,4
4029,0
4030,1
4031,5
4032,2
4033,1
4034,3
4035,4
4036,5
4037,3
4038,2
4039,5
4040,5
4041,0
4042,1
4043,0
4044,2
4045,1
4046,5
4047,5
4048,5
4049,0
4050,4
4051,0
4052,1
4053,0
4054,1
4055,3
4056,2
4057,2
4058,1
4059,1
4060,4
4061,5
4062,5
4063,5
4064,1
4065,5
4066,5
4067,0
4068,5
4069,2
4070,4
4071,3
4072,2
4073,3
4074,5
4075,5
4076,4
4077,3
4078,5
4079,3
4080,2
4081,5
4082,1
4083,4
4084,1
4085,1
4086,1
4087,0
4088,2
4089,0
4090,0
4091,5
4092,2
4093,5
4094,2
4095,1
4096,0
4097,3
4098,5
4099,1
4100,3
4101,1
4102,0
4103,5
4104,0
4105,0
4106,5
4107,2
4108,2
4109,1
4110,3
4111,3
4112,2
4113,2
4114,0
4115,2
4116,0
4117,5
4118,1
4119,2
4120,5
4121,0
4122,5
4123,5
4124,0
4125,4
4126,0
4127,5
4128,3
4129,4
4130,3
4131,5
4132,5
4133,0
4134,2
4135,4
4136,1
4137,1
4138,0
4139,4
4140,0
4141,1
4142,3
4143,1
4144,5
4145,0
4146,1
4147,1
4148,3
4149,0
4150,5
4151,4
4152,2
4153,2
4154,2
4155,0
4156,4
4157,1
4158,0
4159,2
4160,5
4161,3
4162,3
4163,1
4164,5
4165,2
4166,0
4167,1
4168,5
4169,1
4170,5
4171,5
4172,2
4173,3
4174,2
4175,2
4176,4
4177,4
4178,3
4179,5
4180,2
4181,1
4182,4
4183,0
4184,2
4185,1
4186,2
4187,0
4188,5
4189,4
4190,3
4191,4
4192,4
4193,0
4194,5
4195,1
4196,1
4197,3
4198,4
4199,3
4200,0
4201,5
4202,0
4203,1
4204,4
4205,2
4206,2
4207,2
4208,5
4209,2
4210,2
4211,5
4212,1
4213,3
4214,3
4215,0
4216,1
4217,1
4218,0
4219,5
4220,3
4221,2
4222,1
4223,1
4224,5
4225,0
4226,1
4227,0
4228,2
4229,0
4230,1
4231,5
4232,1
4233,5
4234,1
4235,4
4236,1
4237,0
4238,2
4239,1
4240,5
4241,4
4242,1
4243,2
4244,0
4245,0
4246,5
4247,0
4248,5
4249,1
4250,3
4251,5
4252,3
4253,5
4254,2
4255,0
4256,3
4257,5
4258,3
4259,2
4260,3
4261,3
4262,0
4263,0
4264,1
4265,5
4266,1
4267,5
4268,5
4269,3
4270,5
4271,5
4272,3
4273,0
4274,2
4275,1
4276,1
4277,4
4278,0
4279,0
4280,1
4281,5
4282,4
4283,3
4284,5
4285,4
4286,1
4287,3
4288,0
4289,3
4290,5
4291,1
4292,0
4293,0
4294,1
4295,1
4296,2
4297,0
4298,0
4299,1
4300,0
4301,0
4302,4
4303,2
4304,4
4305,5
4306,3
4307,4
4308,1
4309,1
4310,0
4311,5
4312,2
4313,2
4314,4
4315,3
4316,0
4317,0
4318,5
4319,2
4320,2
4321,4
4322,1
4323,1
4324,5
4325,3
4326,1
4327,5
4328,2
4329,0
4330,0
4331,1
4332,4
4333,3
4334,4
4335,1
4336,1
4337,3
4338,5
4339,0
4340,3
4341,3
4342,2
4343,3
4344,0
4345,1
4346,4
4347,1
4348,3
4349,3
4350,4
4351,4
4352,0
4353,2
4354,2
4355,1
4356,3
4357,1
4358,5
4359,0
4360,5
4361,2
4362,2
4363,2
4364,3
4365,0
4366,2
4367,4
4368,4
4369,2
4370,3
4371,2
4372,1
4373,2
4374,0
4375,4
4376,3
4377,4
4378,4
4379,5
4380,0
4381,3
4382,2
4383,4
4384,2
4385,1
4386,0
4387,4
4388,2
4389,1
4390,3
4391,4
4392,1
4393,4
4394,2
4395,1
4396,2
4397,2
4398,2
4399,4
4400,0
4401,4
4402,3
4403,3
4404,0
4405,0
4406,0
4407,5
4408,0
4409,3
4410,0
4411,0
4412,3
4413,2
4414,1
4415,1
4416,0
4417,3
4418,2
4419,0
4420,3
4421,0
4422,2
4423,3
4424,5
4425,3
4426,2
4427,2
4428,0
4429,5
4430,0
4431,3
4432,2
4433,0
4434,0
4435,2
4436,1
4437,4
4438,0
4439,5
4440,4
4441,0
4442,1
4443,0
4444,3
4445,2
4446,0
4447,0
4448,3
4449,1
4450,5
4451,1
4452,2
4453,0
4454,5
4455,2
4456,2
4457,2
4458,1
4459,1
4460,0
4461,2
4462,4
4463,0
4464,0
4465,0
4466,1
4467,5
4468,4
4469,2
4470,1
4471,4
4472,3
4473,3
4474,0
4475,0
4476,3
4477,4
4478,3
4479,4
4480,4
4481,1
4482,0
4483,4
4484,0
4485,2
4486,1
4487,1
4488,1
4489,1
4490,5
4491,0
4492,3
4493,3
4494,4
4495,2
4496,1
4497,1
4498,2
4499,5
4500,1
4501,1
4502,5
4503,3
4504,5
4505,2
4506,5
4507,0
4508,0
4509,3
4510,4
4511,0
4512,5
4513,3
4514,4
4515,4
4516,2
4517,2
4518,0
4519,2
4520,2
4521,2
4522,5
4523,1
4524,4
4525,5
4526,0
4527,2
4528,2
4529,4
4530,4
4531,1
4532,3
4533,1
4534,1
4535,0
4536,1
4537,2
4538,1
4539,2
4540,3
4541,5
4542,1
4543,0
4544,1
4545,3
4546,2
4547,1
4548,0
4549,3
4550,0
4551,5
4552,3
4553,1
4554,3
4555,4
4556,1
4557,0
4558,4
4559,0
4560,2
4561,0
4562,4
4563,3
4564,2
4565,2
4566,1
4567,2
4568,4
4569,3
4570,5
4571,5
4572,3
4573,5
4574,3
4575,5
4576,2
4577,5
4578,3
4579,2
4580,2
4581,0
4582,1
4583,3
4584,0
4585,2
4586,0
4587,3
4588,2
4589,2
4590,3
4591,5
4592,0
4593,2
4594,1
4595,0
4596,1
4597,0
4598,2
4599,1
4600,2
4601,0
4602,0
4603,2
4604,0
4605,5
4606,0
4607,4
4608,1
4609,3
4610,5
4611,5
4612,2
4613,4
4614,1
4615,1
4616,0
4617,4
4618,4
4619,3
4620,2
4621,2
4622,1
4623,4
4624,5
4625,4
4626,4
4627,0
4628,4
4629,2
4630,2
4631,1
4632,3
4633,5
4634,2
4635,2
4636,5
4637,0
4638,5
4639,4
4640,3
4641,0
4642,4
4643,1
4644,3
4645,4
4646,2
4647,4
4648,0
4649,3
4650,4
4651,3
4652,3
4653,2
4654,1
4655,0
4656,2
4657,0
4658,4
4659,4
4660,1
4661,4
4662,4
4663,0
4664,5
4665,5
4666,5
4667,1
4668,3
4669,5
4670,5
4671,0
4672,0
4673,0
4674,5
4675,4
4676,5
4677,4
4678,3
4679,4
4680,5
4681,1
4682,2
4683,5
4684,4
4685,2
4686,0
4687,2
4688,2
4689,5
4690,4
4691,0
4692,2
4693,0
4694,5
4695,0
4696,5
4697,1
4698,4
4699,4
4700,3
4701,3
4702,4
4703,4
4704,4
4705,4
4706,2
4707,5
4708,3
4709,1
4710,2
4711,5
4712,4
4713,0
4714,0
4715,0
4716,2
4717,0
4718,1
4719,2
4720,1
4721,0
4722,1
4723,2
4724,4
4725,2
4726,4
4727,5
4728,0
4729,3
4730,1
4731,5
4732,0
4733,0
4734,0
4735,3
4736,5
4737,5
4738,5
4739,5
4740,0
4741,4
4742,5
4743,3
4744,3
4745,0
4746,1
4747,4
4748,4
4749,4
4750,2
4751,0
4752,5
4753,0
4754,4
4755,5
4756,3
4757,3
4758,0
4759,5
4760,0
4761,5
4762,2
4763,4
4764,4
4765,4
4766,1
4767,0
4768,0
4769,0
4770,0
4771,5
4772,4
4773,3
4774,1
4775,2
4776,5
4777,1
4778,1
4779,3
4780,2
4781,5
4782,2
4783,0
4784,0
4785,0
4786,1
4787,1
4788,0
4789,0
4790,3
4791,4
4792,3
4793,0
4794,4
4795,3
4796,1
4797,4
4798,2
4799,1
4800,1
4801,1
4802,1
4803,0
4804,0
4805,0
4806,0
4807,0
4808,5
4809,1
4810,2
4811,2
4812,0
4813,3
4814,1
4815,2
4816,0
4817,4
4818,1
4819,5
4820,4
4821,1
4822,4
4823,0
4824,0
4825,1
4826,2
4827,1
4828,0
4829,1
4830,0
4831,0
4832,3
4833,0
4834,2
4835,2
4836,5
4837,3
4838,3
4839,4
4840,0
4841,5
4842,1
4843,4
4844,3
4845,1
4846,3
4847,2
4848,0
4849,5
4850,3
4851,1
4852,1
4853,5
4854,0
4855,4
4856,3
4857,3
4858,2
4859,5
4860,5
4861,1
4862,2
4863,3
4864,4
4865,4
4866,1
4867,5
4868,5
4869,0
4870,2
4871,0
4872,4
4873,0
4874,1
4875,2
4876,0
4877,4
4878,1
4879,3
4880,5
4881,2
4882,2
4883,5
4884,4
4885,0
4886,0
4887,4
4888,2
4889,4
4890,0
4891,4
4892,1
4893,2
4894,0
4895,1
4896,0
4897,5
4898,0
4899,2
4900,1
4901,0
4902,2
4903,2
4904,1
4905,4
4906,5
4907,0
4908,5
4909,1
4910,5
4911,2
4912,2
4913,4
4914,1
4915,2
4916,1
4917,0
4918,0
4919,0
4920,0
4921,2
4922,2
4923,4
4924,0
4925,1
4926,3
4927,2
4928,0
4929,1
4930,5
4931,1
4932,5
4933,0
4934,0
4935,5
4936,1
4937,5
4938,5
4939,3
4940,3
4941,4
4942,4
4943,3
4944,5
4945,3
4946,1
4947,0
4948,2
4949,5
4950,3
4951,5
4952,2
4953,3
4954,4
4955,4
4956,3
4957,4
4958,1
4959,2
4960,5
4961,5
4962,5
4963,0
4964,3
4965,5
4966,4
4967,1
4968,2
4969,4
4970,5
4971,2
4972,3
4973,1
4974,5
4975,3
4976,0
4977,3
4978,2
4979,2
4980,2
4981,2
4982,5
4983,5
4984,1
4985,2
4986,2
4987,2
4988,3
4989,1
4990,1
4991,4
4992,2
4993,0
4994,4
4995,5
4996,2
4997,4
4998,4
4999,4
5000,2
5001,2
5002,0
5003,0
5004,4
5005,2
5006,2
5007,1
5008,3
5009,1
5010,3
5011,1
5012,3
5013,0
5014,0
5015,0
5016,4
5017,0
5018,3
5019,4
5020,3
5021,4
5022,2
5023,4
5024,4
5025,0
5026,2
5027,2
5028,0
5029,3
5030,5
5031,5
5032,0
5033,0
5034,2
5035,4
5036,3
5037,2
5038,2
5039,0
5040,5
5041,2
5042,4
5043,1
5044,2
5045,1
5046,4
5047,0
5048,5
5049,3
5050,2
5051,2
5052,1
5053,4
5054,1
5055,1
5056,1
5057,2
5058,4
5059,5
